4.83426E-05
0.002208051
-0.00350658
-0.00126939
-0.001242905
0.003610145
-0.000560448
-0.000443966
-0.001209586
-0.000125067
-0.001112789
-0.001230153
0.001295008
0.000684181
0.001419353
-0.000573496
0.001850752
0.000879551
0.000556026
-0.001218655
4.44017E-05
0.001231881
-0.0007295
-0.000843644
-0.00222506
0.002094735
0.000608441
2.93932E-05
-0.000606888
0.001433056
0.001943567
0.001367325
0.001813284
-0.001181695
0.000904956
-0.002190085
0.001260966
0.001607153
0.000257603
0.00172625
-0.000412588
0.000853339
0.00028222
0.000967009
0.001528882
-0.001410068
0.002200726
0.000574552
-0.001245042
-0.001341252
-0.000348949
-0.001289695
-0.00123306
0.00031678
-0.001808681
-0.001572831
-0.000251138
0.000842246
0.0005275
0.005450487
0.001484339
-0.002167692
1.64915E-05
0.000489924
-9.77288E-05
-0.000800521
0.000315559
-0.001532889
-0.002476744
-0.003342017
0.000433452
-0.003966735
-0.001428684
0.000492617
0.000666718
0.004674547
0.001106
-0.002269773
0.002287898
-0.000419376
0.001683068
0.000686209
0.001115431
0.002734805
0.00031365
-0.00241225
-0.003081068
0.000781887
-0.000741051
-0.002123932
-0.001932148
-0.000760632
3.98661E-05
0.000185958
-0.001374627
0.000207605
-0.001242949
-0.000115853
0.000362546
0.002723769
-0.000337585
0.00096394
-0.00035423
-0.001346957
-0.000295889
-0.001658297
0.001620364
0.000708814
0.000216034
-0.001419203
0.003684525
-0.002259958
0.001273653
0.001225752
0.001760973
-0.001378466
-0.000306669
-0.00195388
-0.00240542
0.001619239
0.000172466
0.000462185
0.000777161
0.002490505
0.005773331
-0.000543345
-0.001514695
0.00163587
-9.71795E-05
-0.009582828
-0.002780464
0.000350647
-0.001438397
0.001556866
0.000211276
-0.00133822
0.001685655
-0.000563314
0.003880155
-0.000440144
-0.000593305
-0.001194447
0.000892591
0.002318233
-2.48305E-06
0.000406726
-0.001609539
-0.001082851
0.001240478
0.004633171
0.002773639
-0.00268453
-0.001597127
-0.000488322
-0.001241307
0.000862534
-0.002742385
-0.001568763
-0.002626903
0.000265085
-0.001522202
0.000295788
0.001483939
0.000142179
0.004666759
-0.001104542
0.003456246
0.002491092
-0.001276093
-0.000151453
-0.001009809
-0.000799559
-0.000360752
-0.001191441
-0.001332678
0.000649387
0.00012828
-0.000972804
-0.000278966
0.000247077
-0.002290861
-0.000424534
0.001097218
0.000688581
-0.000999983
0.001331017
-0.000734579
0.002428297
-0.002654422
-6.43445E-05
-0.000144102
8.06723E-06
-0.0006535
-0.001086442
-0.001824539
0.000261059
0.000241756
-0.000176763
0.001473731
-0.00075522
0.000670821
-0.001883899
0.000626632
0.002929432
-0.000990784
0.000774362
-0.001038915
-0.001121252
0.001781856
0.00051737
-0.001725244
0.00213356
-0.000428607
-0.00037981
-0.001014919
-0.001276551
0.001347846
-0.000622322
-0.001714824
-0.00022763
0.001763462
-0.000730026
-0.002458479
-0.00073658
-0.002780158
-0.00107935
-0.000903508
0.00159353
0.000504897
0.001375681
-0.000197874
0.000140814
-0.001094556
0.00034594
-0.000379475
0.00129695
-0.000967856
6.05042E-06
0.000252874
-0.000244269
7.61933E-05
3.02051E-05
-9.38957E-05
-0.000301471
-0.001473059
-0.001386982
-0.000989162
-0.001024017
-0.000820737
0.000923982
-0.001216205
0.000231398
-0.001226651
-0.000141466
-0.001151653
-0.002242316
-0.001867509
-0.002514698
0.000390729
-0.00082927
0.001458822
0.000181393
6.05254E-05
-0.001453593
0.000929795
-0.000764975
-4.81709E-05
-0.001493422
-0.001966695
-0.001176814
0.001014424
-0.002184303
-0.000909529
0.000285407
-0.000586839
0.000600513
0.001289847
0.000998336
0.001058153
-0.00089721
-0.000871361
-0.000303588
0.001653265
0.001251202
0.000225
-0.000145958
0.000300186
-3.32137E-05
-0.000291701
-0.000495907
0.001365203
-0.001725248
-0.000208632
-0.000296254
4.06186E-05
0.000256593
-0.001011621
0.000805847
-0.001601597
0.000163718