 1.089511991
1.550644517
4.487788677
2.721279621
1.667806149
1.513913393
1.111525059
1.836070776
1.219537735
3.204553604
2.664527178
2.399224043
2.451702356
1.379526496
1.671783447
2.291440487
1.763509631
1.011095881
1.82850337
8.204387665
1.937150359
2.071414471
1.409614444
6.623628616
2.332255363
2.199686527
7.254253387
4.020397663
1.556088686
1.239843726
2.470621586
2.393360138
2.767175913
1.577216387
2.568540573
0.710834086
2.58443594
1.12809217
1.865301251
5.576137543
1.912041187
1.964671135
1.050613284
2.31644249
1.473931193
3.718045473
1.722176433
1.892765999
0.9117257
1.807645917
5.385349274
11.34774208
3.036588192
3.304867268
11.51358032
0.648625135
2.84236002
2.73201561
3.083312511
1.809691787
2.316585302
4.311641693
3.299161434
3.726074457
2.532664776
6.088076591
2.644533634
7.700836182
6.433790684
3.850828886
1.208245993
4.184258461
1.635566711
3.752503633
1.411547542
2.672574282
4.469633579
1.622103572
1.951479673
3.730184078
11.73574162
6.961132526
5.407017231
6.804975033
3.743698835
2.528637409
4.173274994
6.314563751
2.658175468
4.837008476
2.67340374
3.317800999
2.607252359
2.540814638
4.407706261
1.063648701
0.812343538
2.122183084
1.535505414
2.052826405
1.20377326
1.214146733
0.79753077
0.8526209
1.312237859
1.450691104
1.235449076
4.842926502
1.552236438
1.593646407
1.687102437
1.563844204
2.588507652
2.094675064
3.690382481
2.412596464
5.25417614
1.575129628
1.654809237
1.556167126
2.049180269
1.523036242
3.164800406
3.059067965
8.089310646
2.096690178
7.131722927
2.790819883
3.285984516
9.675022125
4.015237808
1.542100549
2.619893074
1.769744396
3.140607834
6.430709839
1.385460973
1.60927701
0.984882355
1.72952497
1.933162808
2.609601736
1.66432035
2.171900988
2.038695812
0.790601254
1.276688457
5.80529356
5.907264233
20.19403267
1.868853927
3.704859257
3.83039546
7.834653854
1.269367933
3.838210821
2.625719309
1.353839755
6.904918671
3.196008682
1.245339155
1.932112336
2.024743319
5.718663692
1.191339731
2.0083251
1.072023749
3.283288479
11.179883
2.731840134
1.342203617
1.055609345
2.78484273
2.150680542
2.869982481
4.004864216
4.700607777
3.085016012
1.458344698
1.863657594
3.217730522
2.668050289
8.030040741
1.366726875
6.009714603
2.58109951
7.124644279
5.880930901
2.240909576
4.526094437
2.265533447
1.849576116
4.969029903
1.649095774
2.670907021
4.071027756
1.982287169
1.163705826
1.111907363
2.366099119
2.577794313
1.856348634
1.681305766
2.875879526
2.761810303
2.786152363
2.137605667
2.163437605
1.744393229
1.44390893
3.443420649
6.1795187
4.648393154
1.568826795
2.200505257
0.708518147
10.97474766
1.428813696
5.820445538
2.327879667
1.353573322
0.747202814
2.770754099
3.480314493
4.380115032
3.355117321
2.036853075
1.148532748
5.421833515
3.706146717
1.670517802
1.537800908
3.271068096
2.151849508
2.134823084
1.923467278
2.010725975
1.765206814
1.272962451
1.221423745
2.25767231
2.100061893
4.782288551
2.716845989
1.243838906
1.757065296
1.846635938
2.93999362
2.489517212
1.172181606
1.938958049
1.147041321
1.155889869
0.722169578
2.261776924
1.736616254
1.656655788
2.225947142
1.309974313
1.412748933
2.083274841
1.020034909
0.984189332
3.627857924
2.428091288
0.745287359
1.546752214
2.330203295
2.26812911
1.674476266
2.151231766
1.290948868
1.046625614
2.603192091
2.391703844
0.979753554
1.317899704
3.271276951
2.963699579
1.416998744
2.235364676
2.272318125
1.623356581
2.288842916
1.212612152
1.777496219
1.090943813
4.93218565
1.471540451
3.331720591
2.632992744
1.378059387
5.690524101
1.399324894
2.729267597
1.127147436
1.906334281
1.770651579
1.7875669
1.083238602