8.647021294
10.81420135
39.23524857
12.34265041
22.14349174
11.58139038
15.39615154
8.556569099
9.481565475
16.61647415
52.90307617
19.6585331
13.77309513
14.67155361
7.900292873
7.997162342
11.74623394
6.242948532
10.71004581
36.23820877
7.765300274
12.59870625
8.403738022
32.54056931
19.04172707
18.1978817
19.75586319
12.89316654
6.253647327
15.15985107
95.93313599
17.86273003
9.445415497
10.49425888
44.2685585
21.62360382
11.87487221
23.49506569
19.37781715
64.56354523
85.77253723
21.80122948
8.287180901
15.66682434
25.36737251
20.44338226
17.39341354
72.4352951
13.05489254
59.56881332
21.39966583
31.49280548
28.35400009
22.38471031
69.13197327
-111.9672623
15.65722847
13.31054974
25.53749466
11.41873837
40.03429413
47.96999741
17.84874916
21.31110573
11.5177269
32.33107376
12.81858444
24.21539688
39.82237625
26.88062286
12.80620003
18.96863174
13.99114418
12.64712143
8.802944183
11.97120476
20.4961338
15.21364975
14.80029297
30.71957779
32.37796021
30.51784897
28.89120102
33.09793091
30.42189217
25.67558861
34.15229416
33.98282623
23.22788811
37.50810623
9.27293396
32.09646988
56.94407654
120.988945
40.32369232
6.530667305
13.86663055
22.98148155
15.78213596
80.70261383
9.614439011
6.061239719
9.866249084
18.75436211
8.381231308
7.077607155
10.07142544
10.76969242
7.628808022
32.84823608
9.758072853
70.88991547
29.44021797
17.97156525
11.74923038
15.97298527
43.9580307
16.05311966
61.73475266
27.51581764
40.71485519
8.940908432
52.86641693
29.1789608
13.91340351
7.093242645
59.44365692
14.6240263
24.23036385
37.65327454
18.63573456
11.32432747
41.62222672
6.542519093
9.937841415
40.01960373
12.9780035
19.80014038
9.44233036
6.795125961
14.98301983
12.47965908
13.63029099
13.4710083
8.244657516
11.46918774
5.265326023
16.94855499
38.43880081
54.89332199
11.59558392
35.25378799
20.01621056
39.74850082
10.80983257
13.28250313
172.0335846
-56.17290878
55.20637894
13.77391434
9.400197029
10.88625336
33.21767807
66.14471436
23.38043213
15.82214642
12.06828117
13.85165501
51.48914719
30.13738823
8.856665611
24.96053314
-976.401123
165.003006
25.13674164
19.45702553
39.18684006
30.30451012
13.01859474
9.554554939
17.14067268
27.88119888
26.95102882
10.35377693
33.310112
20.13391876
20.38739395
21.49194908
49.05376434
20.15992546
-95.41853333
6.872598648
37.95198441
31.21927261
40.88851166
27.25040054
14.3183012
16.95054817
12.73733997
14.00494003
9.821401596
10.20090485
27.45746231
8.921157837
29.74773598
21.68942642
22.52630043
-22.01136398
6.946228504
8.196120262
22.83503532
31.04620934
14.86390495
13.62993622
46.05803299
50.01751328
41.10157776
10.68571377
255.9648743
29.76067543
16.65233994
20.89489365
29.41048431
27.69143486
17.65156364
14.70852375
36.09606934
11.37703419
19.85878181
58.82132721
276.7698669
14.20327187
9.391784668
13.69463158
15.55549908
15.64604378
14.1061573
9.758423805
9.751096725
12.52364063
11.71228886
23.533041
57.14975357
13.83001614
49.08699417
8.043197632
13.80173302
29.87218094
19.62694168
5.694961071
23.79006386
6.696705818
-195.7647095
6.477810383
14.87812614
7.7140522
14.01123428
58.77521133
6.781426907
12.50921535
14.29337978
5.785511971
13.80491352
23.44043732
33.96296692
9.433778763
7.333942413
48.65523529
15.66545486
65.14715576
15.48322392
15.07626152
10.25892735
19.63105011
13.08244514
7.109723091
18.5769825
12.13361454
15.27440548
20.05445862
19.80224419
14.47462749
15.96097183
15.99181652
6.905124187
12.43130493
-40.32263947
38.32239532
14.07100201
15.13789654
15.90512276
-13.08418655
49.67544174
6.94827795
47.30842972
6.710106373
15.84595013
32.92317963
9.61581707
6.622549057