19.2441
19.8042
10.4952
17.7231
6.1038
13.42
7.9528
21.178
11.9792
19.2519
6.5713
8.7064
21.5361
9.39
25.6616
27.0263
15.6104
11.5242
20.5433
27.7653
24.8537
22.8784
14.8821
24.2936
12.196
8.9542
45.7979
26.2722
24.4806
7.6322
0.0111
16.9685
33.8857
11.5231
-4.6268
3.8335
20.4349
3.7792
9.6555
17.6092
1.1533
8.0871
13.2224
22.0828
4.1365
28.3018
2.552
2.4352
7.9966
2.5131
29.8756
43.0845
39.1532
11.2397
15.3668
-4.0947
23.1018
23.4713
14.2433
18.5546
6.7853
9.9119
21.1767
17.366
22.2399
16.3447
23.7079
37.1862
22.6348
17.2124
7.1276
20.5029
9.1718
37.5967
18.8115
28.1244
24.2531
4.6379
17.0182
17.3324
47.8404
28.4158
24.5095
21.4398
15.3559
7.8703
12.7859
23.7916
13.0314
15.4326
24.8281
8.4348
3.1807
6.9957
18.9485
20.0715
3.3806
9.9394
10.1965
3.893
18.5558
23.8934
6.9702
4.5321
16.0123
17.2522
16.0187
55.7759
24.1663
5.274
20.1054
1.991
6.0227
13.0282
40.6302
14.5196
13.0107
9.9745
3.1073
4.1852
8.5631
23.9977
4.1669
7.3982
86.4237
27.1374
12.1394
22.9295
14.6514
10.7981
24.1355
13.3456
0.5563
31.8592
43.1077
19.9113
13.6316
7.0478
14.9682
13.516
13.3766
21.8517
12.8125
15.413
24.5505
6.7724
19.533
22.7165
18.3411
45.0222
15.4125
14.005
21.9906
23.0337
13.3182
27.6414
1.7999
0.1986
4.2717
28.1742
12.5947
17.8396
2.499
19.0552
16.6781
6.8694
15.7446
25.7056
33.0156
8.6281
11.1354
2.7313
0.894
1.6969
7.0625
26.8814
8.9328
12.0441
12.7774
21.3731
19.335
14.1833
40.3925
10.2969
17.6777
17.7778
39.8064
34.0401
0.6088
24.4973
1.9594
29.0316
19.5851
4.9392
7.7591
16.7806
11.5154
7.8217
8.9978
17.7006
25.056
8.9815
5.9611
35.0318
8.0527
17.7899
9.3149
1.1937
26.2178
19.2458
11.5824
20.5214
27.0519
13.9877
4.5419
0.2565
35.3403
12.3805
11.534
6.1168
6.9334
3.5177
13.1214
14.8852
14.2855
24.606
5.3009
9.9177
35.3281
6.6532
7.4692
11.4581
39.8747
17.4298
12.8708
8.257
11.1876
19.6347
15.8681
10.307
21.3403
10.8691
7.6908
22.1171
2.5525
16.9178
16.8209
8.7685
14.2602
24.6182
7.5826
19.2549
-3.6123
12.8599
17.7581
24.4823
9.9952
-2.5591
20.4632
12.4694
16.0356
20.5166
7.2889
16.5437
5.1757
9.6417
23.4378
5.2125
8.315
0.46
10.5835
12.6796
9.1086
9.16
18.6552
16.2788
5.3983
28.6493
21.9716
6.9057
11.7672
18.4862
6.9898
14.947
20.3698
13.6961
-9.9386
15.5956
12.2933
24.3917
18.0885
-25.3466
11.8471
22.449
5.4801
18.1642
15.1434
5.4947
18.7352
20.9176