0.00019227
0.000326542
0.00127166
0.000850114
0.000498937
0.000401358
0.000178143
0.00058755
0.000620433
0.000705409
0.000589467
0.000485148
0.000397427
0.00049638
0.000545037
0.000349351
0.000633935
0.000294548
0.000542611
0.000318994
0.000550069
0.000397796
0.000789852
0.000347409
0.000661403
0.000774007
0.000447402
0.000512154
0.000523482
0.00057683
0.001058784
0.0008378
0.000259114
0.000670847
0.000887286
0.000278114
0.000785745
0.000425558
0.000300298
0.000954795
0.000644353
0.000813617
0.000390371
0.000618242
0.000565799
0.000773138
0.000651972
0.00083952
0.000203374
0.000553604
0.000346966
0.000342211
0.000437212
0.0006036
0.000347892
0.000225345
0.000813392
0.000670473
0.000881342
0.000831731
0.000886979
0.000628248
0.000659606
0.000539725
0.000427973
0.000516488
0.000554848
0.000457474
0.000565503
0.00057677
0.00082768
0.001404683
0.00056082
0.00057253
0.000287343
0.000677335
0.000872524
0.000419059
0.000747199
0.000409378
0.000473144
0.000613816
0.000620967
0.001179489
0.000555629
0.000549748
0.00076792
0.000430091
0.000672764
0.000850609
0.00057178
0.00069093
0.000835091
0.000785668
0.000540027
0.000150596
0.000169209
0.000427537
0.000140117
0.001121584
0.000215029
0.000156274
0.000113961
0.000319707
0.000127749
0.000387763
0.000447611
0.000491027
0.000159674
0.000386652
0.000486464
0.000218526
0.00082294
0.000784234
0.000403363
0.000395209
0.000360384
0.000348417
0.001148514
0.000337929
0.000881946
0.00041604
0.000625902
0.000864604
0.001172269
0.000407749
0.000358639
0.00055364
0.000515294
0.0026395
0.000485714
0.000795346
0.000690935
0.000469802
0.000837656
0.000364938
0.000605944
0.000750162
0.000915719
0.000320778
0.00036831
0.000652034
0.000331921
0.000712533
0.000477849
0.000421578
0.000497653
0.001110749
0.000555781
0.001333621
0.000441237
0.000625789
0.000587962
0.000308143
0.000436134
0.000487926
0.000818409
0.000289485
0.0007239
0.000779629
0.000651155
0.000630663
0.000673687
0.000665243
0.000847667
0.000500576
0.000565542
0.000806694
0.000456652
0.000896883
0.000654274
0.000519361
0.000780232
0.001005508
0.000595914
0.000608542
0.000711653
0.000451747
0.000415762
0.000461146
0.001004262
0.000468216
0.000313649
0.000776763
0.000448148
0.000591375
0.000578822
0.000921163
0.000471243
0.000511525
0.00036092
0.000569049
0.000500175
0.000676984
0.000544351
0.000258325
0.000428657
0.000169394
0.000264539
0.000363779
0.00023724
0.000417993
0.000433258
0.000504377
0.000745149
0.000869264
0.000490856
0.000688135
0.000700989
0.000316791
0.000748981
0.000481953
0.00079867
0.000162665
0.000878141
0.000158886
0.000640106
0.000459149
0.000742266
0.000344537
0.000544856
0.00039307
0.000395647
0.000242476
0.000871604
0.000373989
0.000535574
0.00048739
0.000386961
0.000648685
0.000593092
8.03344E-05
0.000861763
0.001101135
0.00059655
0.000432366
0.00048011
7.9509E-05
0.000243781
0.000205284
0.000240595
0.000447569
0.000626584
0.000681783
0.000373651
0.000374903
0.000736238
0.00086332
0.000392096
0.000175191
0.000592732
0.000192833
0.000402156
0.000279557
0.000730626
0.000671315
0.001308854
0.00060773
6.34299E-05
0.000266819
0.000384084
0.00010804
0.000122353
0.000500393
0.000969697
0.000236647
6.70078E-05
0.00073688
0.00058403
0.000514335
0.000380353
0.000549752
0.000182963
0.000498091
0.000495493
0.000202606
0.00056319
0.000726047
0.00074529
0.000332347
0.000299961
0.000386411
0.000481501
0.00044668
0.000100868
7.6792E-05
0.000437378
0.000428408
0.000353698
0.000373648
0.000443043
0.000472846
0.000503785
7.28347E-05
0.000833334
5.42128E-05
0.00056441
0.000306364
0.000899304
0.000168899